0.014
0.01
0.016
0.015
0.01
0.013
0.012
0.017
0.012
0.009
0.017
0.014
0.009
0.014
0.016
0.01
0.01
0.016
0.011
0.011
0.016
0.024
0.01
0.013
0.011
0.015
0.01
0.022
0.012
0.019
0.011
0.027
0.017
0.018
0.012
0.016
0.019
0.024
0.012
0.02
0.017
0.017
0.013
0.01
0.013
0.01
0.011
0.015
0.012
0.023
0.019
0.01
0.01
0.015
0.012
0.013
0.012
0.01
0.011
0.011
0.01
0.015
0.019
0.013
0.017
0.015
0.02
0.011
0.012
0.017
0.01
0.016
0.015
0.018
