0.015
0.025
0.03
0.03
0.018
0.018
0.013
0.04
0.026
0.017
0.023
0.021
0.01
0.042
0.023
0.017
0.022
0.027
0.021
0.022
0.036
0.034
0.03
0.039
0.023
0.014
0.018
0.06
0.038
0.031
0.06
0.033
0.02
0.025
0.033
0.035
0.025
0.019
0.031
0.028
0.023
0.027
0.024
0.02
0.025
0.018
0.06
0.013
0.031
0.023
0.019
0.04
0.015
0.017
0.022
0.024
0.022
0.023
0.027
0.019
0.022
0.029
0.027
0.021
0.025
0.06
0.06
0.03
0.041
0.031
0.012
0.02
0.031
0.049
